{
 "cells": [
  {
   "cell_type": "markdown",
   "id": "0c75e25e-7d8d-4f77-b574-e1925c5a56e7",
   "metadata": {},
   "source": [
    "# HIDING FUTURE WORDS WITH CAUSAL ATTENTION"
   ]
  },
  {
   "cell_type": "code",
   "execution_count": 1,
   "id": "55f87bda-8c2d-4cf0-9f74-02f3485c7291",
   "metadata": {},
   "outputs": [],
   "source": [
    "import torch\n",
    "\n",
    "inputs = torch.tensor(\n",
    "  [[0.43, 0.15, 0.89], # Your     (x^1)\n",
    "   [0.55, 0.87, 0.66], # journey  (x^2)\n",
    "   [0.57, 0.85, 0.64], # starts   (x^3)\n",
    "   [0.22, 0.58, 0.33], # with     (x^4)\n",
    "   [0.77, 0.25, 0.10], # one      (x^5)\n",
    "   [0.05, 0.80, 0.55]] # step     (x^6)\n",
    ")"
   ]
  },
  {
   "cell_type": "code",
   "execution_count": 5,
   "id": "db46a5fc-bbac-4418-891d-f1c1e08be712",
   "metadata": {},
   "outputs": [],
   "source": [
    "x_2 = inputs[1]\n",
    "d_in = inputs.shape[1]\n",
    "d_out = 2"
   ]
  },
  {
   "cell_type": "code",
   "execution_count": 6,
   "id": "7e2ebd6c-0620-4947-9b05-bf914bf57882",
   "metadata": {},
   "outputs": [],
   "source": [
    "import torch.nn as nn\n",
    "class SelfAttention_v2(nn.Module):\n",
    "\n",
    "    def __init__(self, d_in, d_out, qkv_bias=False):\n",
    "        super().__init__()\n",
    "        self.W_query = nn.Linear(d_in, d_out, bias=qkv_bias)\n",
    "        self.W_key   = nn.Linear(d_in, d_out, bias=qkv_bias)\n",
    "        self.W_value = nn.Linear(d_in, d_out, bias=qkv_bias)\n",
    "\n",
    "    def forward(self, x):\n",
    "        keys = self.W_key(x)\n",
    "        queries = self.W_query(x)\n",
    "        values = self.W_value(x)\n",
    "        \n",
    "        attn_scores = queries @ keys.T\n",
    "        attn_weights = torch.softmax(attn_scores / keys.shape[-1]**0.5, dim=-1)\n",
    "\n",
    "        context_vec = attn_weights @ values\n",
    "        return context_vec"
   ]
  },
  {
   "cell_type": "code",
   "execution_count": 7,
   "id": "55299fe6-3553-40b9-bb28-35059efa19cc",
   "metadata": {},
   "outputs": [
    {
     "name": "stdout",
     "output_type": "stream",
     "text": [
      "tensor([[-0.0739,  0.0713],\n",
      "        [-0.0748,  0.0703],\n",
      "        [-0.0749,  0.0702],\n",
      "        [-0.0760,  0.0685],\n",
      "        [-0.0763,  0.0679],\n",
      "        [-0.0754,  0.0693]], grad_fn=<MmBackward0>)\n"
     ]
    }
   ],
   "source": [
    "torch.manual_seed(789)\n",
    "sa_v2 = SelfAttention_v2(d_in, d_out)\n",
    "print(sa_v2(inputs))"
   ]
  },
  {
   "cell_type": "code",
   "execution_count": 8,
   "id": "300bd953-ae3a-4ed8-a53f-0cfa3fa46e70",
   "metadata": {},
   "outputs": [
    {
     "name": "stdout",
     "output_type": "stream",
     "text": [
      "tensor([[0.1921, 0.1646, 0.1652, 0.1550, 0.1721, 0.1510],\n",
      "        [0.2041, 0.1659, 0.1662, 0.1496, 0.1665, 0.1477],\n",
      "        [0.2036, 0.1659, 0.1662, 0.1498, 0.1664, 0.1480],\n",
      "        [0.1869, 0.1667, 0.1668, 0.1571, 0.1661, 0.1564],\n",
      "        [0.1830, 0.1669, 0.1670, 0.1588, 0.1658, 0.1585],\n",
      "        [0.1935, 0.1663, 0.1666, 0.1542, 0.1666, 0.1529]],\n",
      "       grad_fn=<SoftmaxBackward0>)\n"
     ]
    }
   ],
   "source": [
    "queries = sa_v2.W_query(inputs)\n",
    "keys = sa_v2.W_key(inputs)\n",
    "attn_scores = queries @ keys.T\n",
    "attn_weights = torch.softmax(attn_scores / keys.shape[-1]**0.5, dim=1)\n",
    "print(attn_weights)"
   ]
  },
  {
   "cell_type": "code",
   "execution_count": 10,
   "id": "9a173761-d5a5-49e4-b448-0f4e82517335",
   "metadata": {},
   "outputs": [
    {
     "name": "stdout",
     "output_type": "stream",
     "text": [
      "tensor([[1., 0., 0., 0., 0., 0.],\n",
      "        [1., 1., 0., 0., 0., 0.],\n",
      "        [1., 1., 1., 0., 0., 0.],\n",
      "        [1., 1., 1., 1., 0., 0.],\n",
      "        [1., 1., 1., 1., 1., 0.],\n",
      "        [1., 1., 1., 1., 1., 1.]])\n"
     ]
    }
   ],
   "source": [
    "context_length = attn_scores.shape[0]\n",
    "mask_simple = torch.tril(torch.ones(context_length,context_length))\n",
    "print(mask_simple)"
   ]
  },
  {
   "cell_type": "code",
   "execution_count": 11,
   "id": "8e3cf3bf-45f7-407d-8e96-dd1762107a9c",
   "metadata": {},
   "outputs": [
    {
     "name": "stdout",
     "output_type": "stream",
     "text": [
      "tensor([[ 0.2899,  0.0716,  0.0760, -0.0138,  0.1344, -0.0511],\n",
      "        [ 0.4656,  0.1723,  0.1751,  0.0259,  0.1771,  0.0085],\n",
      "        [ 0.4594,  0.1703,  0.1731,  0.0259,  0.1745,  0.0090],\n",
      "        [ 0.2642,  0.1024,  0.1036,  0.0186,  0.0973,  0.0122],\n",
      "        [ 0.2183,  0.0874,  0.0882,  0.0177,  0.0786,  0.0144],\n",
      "        [ 0.3408,  0.1270,  0.1290,  0.0198,  0.1290,  0.0078]],\n",
      "       grad_fn=<MmBackward0>)\n"
     ]
    }
   ],
   "source": [
    "print(attn_scores)"
   ]
  },
  {
   "cell_type": "code",
   "execution_count": 13,
   "id": "b800da76-5a45-4421-9180-d06434f7dc98",
   "metadata": {},
   "outputs": [
    {
     "name": "stdout",
     "output_type": "stream",
     "text": [
      "tensor([[0.1921, 0.0000, 0.0000, 0.0000, 0.0000, 0.0000],\n",
      "        [0.2041, 0.1659, 0.0000, 0.0000, 0.0000, 0.0000],\n",
      "        [0.2036, 0.1659, 0.1662, 0.0000, 0.0000, 0.0000],\n",
      "        [0.1869, 0.1667, 0.1668, 0.1571, 0.0000, 0.0000],\n",
      "        [0.1830, 0.1669, 0.1670, 0.1588, 0.1658, 0.0000],\n",
      "        [0.1935, 0.1663, 0.1666, 0.1542, 0.1666, 0.1529]],\n",
      "       grad_fn=<MulBackward0>)\n"
     ]
    }
   ],
   "source": [
    "masked_simple = attn_weights*mask_simple\n",
    "print(masked_simple)"
   ]
  },
  {
   "cell_type": "code",
   "execution_count": 14,
   "id": "9001bea4-8e21-4869-a84c-b81735174c40",
   "metadata": {},
   "outputs": [
    {
     "name": "stdout",
     "output_type": "stream",
     "text": [
      "tensor([[1.0000, 0.0000, 0.0000, 0.0000, 0.0000, 0.0000],\n",
      "        [0.5517, 0.4483, 0.0000, 0.0000, 0.0000, 0.0000],\n",
      "        [0.3800, 0.3097, 0.3103, 0.0000, 0.0000, 0.0000],\n",
      "        [0.2758, 0.2460, 0.2462, 0.2319, 0.0000, 0.0000],\n",
      "        [0.2175, 0.1983, 0.1984, 0.1888, 0.1971, 0.0000],\n",
      "        [0.1935, 0.1663, 0.1666, 0.1542, 0.1666, 0.1529]],\n",
      "       grad_fn=<DivBackward0>)\n"
     ]
    }
   ],
   "source": [
    "row_sums = masked_simple.sum(dim=1, keepdim=True)\n",
    "masked_simple_norm = masked_simple / row_sums\n",
    "print(masked_simple_norm)"
   ]
  },
  {
   "cell_type": "markdown",
   "id": "3ee0e21f-f6f2-4aec-8659-6f98249f8e20",
   "metadata": {},
   "source": [
    "#### We can implement the computation of the masked attention weights more efficiently in fewer steps."
   ]
  },
  {
   "cell_type": "code",
   "execution_count": 15,
   "id": "043c4626-8ef4-4d03-8e31-ca8fef7672f5",
   "metadata": {},
   "outputs": [
    {
     "name": "stdout",
     "output_type": "stream",
     "text": [
      "tensor([[0.2899,   -inf,   -inf,   -inf,   -inf,   -inf],\n",
      "        [0.4656, 0.1723,   -inf,   -inf,   -inf,   -inf],\n",
      "        [0.4594, 0.1703, 0.1731,   -inf,   -inf,   -inf],\n",
      "        [0.2642, 0.1024, 0.1036, 0.0186,   -inf,   -inf],\n",
      "        [0.2183, 0.0874, 0.0882, 0.0177, 0.0786,   -inf],\n",
      "        [0.3408, 0.1270, 0.1290, 0.0198, 0.1290, 0.0078]],\n",
      "       grad_fn=<MaskedFillBackward0>)\n"
     ]
    }
   ],
   "source": [
    "mask = torch.triu(torch.ones(context_length, context_length), diagonal =1)\n",
    "masked = attn_scores.masked_fill(mask.bool(), -torch.inf)\n",
    "print(masked)"
   ]
  },
  {
   "cell_type": "code",
   "execution_count": 16,
   "id": "4dd821fe-6e67-4476-b5c1-ac8c2629faea",
   "metadata": {},
   "outputs": [
    {
     "name": "stdout",
     "output_type": "stream",
     "text": [
      "tensor([[1.0000, 0.0000, 0.0000, 0.0000, 0.0000, 0.0000],\n",
      "        [0.5517, 0.4483, 0.0000, 0.0000, 0.0000, 0.0000],\n",
      "        [0.3800, 0.3097, 0.3103, 0.0000, 0.0000, 0.0000],\n",
      "        [0.2758, 0.2460, 0.2462, 0.2319, 0.0000, 0.0000],\n",
      "        [0.2175, 0.1983, 0.1984, 0.1888, 0.1971, 0.0000],\n",
      "        [0.1935, 0.1663, 0.1666, 0.1542, 0.1666, 0.1529]],\n",
      "       grad_fn=<SoftmaxBackward0>)\n"
     ]
    }
   ],
   "source": [
    "attn_weights = torch.softmax(masked / keys.shape[-1]**0.5, dim=1)\n",
    "print(attn_weights)"
   ]
  },
  {
   "cell_type": "markdown",
   "id": "c8654103-7430-427f-a94b-521ee2c56bbc",
   "metadata": {},
   "source": [
    "#### MASKING ADDITIONAL ATTENTION WEIGHTS WITH DROPOUT"
   ]
  },
  {
   "cell_type": "code",
   "execution_count": 17,
   "id": "17569b1e-af59-4675-b004-757727a1e108",
   "metadata": {},
   "outputs": [
    {
     "name": "stdout",
     "output_type": "stream",
     "text": [
      "tensor([[2., 2., 0., 2., 2., 0.],\n",
      "        [0., 0., 0., 2., 0., 2.],\n",
      "        [2., 2., 2., 2., 0., 2.],\n",
      "        [0., 2., 2., 0., 0., 2.],\n",
      "        [0., 2., 0., 2., 0., 2.],\n",
      "        [0., 2., 2., 2., 2., 0.]])\n"
     ]
    }
   ],
   "source": [
    "torch.manual_seed(123)\n",
    "dropout = torch.nn.Dropout(0.5)\n",
    "example = torch.ones(6,6)\n",
    "print(dropout(example))"
   ]
  },
  {
   "cell_type": "code",
   "execution_count": 18,
   "id": "c9423581-b8df-4f27-b4c3-1858421a1113",
   "metadata": {},
   "outputs": [
    {
     "name": "stdout",
     "output_type": "stream",
     "text": [
      "tensor([[2.0000, 0.0000, 0.0000, 0.0000, 0.0000, 0.0000],\n",
      "        [0.0000, 0.0000, 0.0000, 0.0000, 0.0000, 0.0000],\n",
      "        [0.0000, 0.6194, 0.6206, 0.0000, 0.0000, 0.0000],\n",
      "        [0.0000, 0.0000, 0.4925, 0.4638, 0.0000, 0.0000],\n",
      "        [0.0000, 0.0000, 0.0000, 0.0000, 0.3941, 0.0000],\n",
      "        [0.3869, 0.3327, 0.0000, 0.3084, 0.3331, 0.3058]],\n",
      "       grad_fn=<MulBackward0>)\n"
     ]
    }
   ],
   "source": [
    "print(dropout(attn_weights))"
   ]
  },
  {
   "cell_type": "markdown",
   "id": "f89c07dc-2bde-46ab-8b68-b55b6d59b231",
   "metadata": {},
   "source": [
    "#### IMPLEMENTING A COMPACT CAUSAL ATTENTION CLASS¶"
   ]
  },
  {
   "cell_type": "code",
   "execution_count": 19,
   "id": "d7347945-062c-41ec-9d87-c69b25e1cc9c",
   "metadata": {},
   "outputs": [
    {
     "name": "stdout",
     "output_type": "stream",
     "text": [
      "torch.Size([2, 6, 3])\n"
     ]
    }
   ],
   "source": [
    "batch = torch.stack((inputs,inputs), dim=0)\n",
    "print(batch.shape)"
   ]
  },
  {
   "cell_type": "code",
   "execution_count": 24,
   "id": "81d507ab-a782-46b2-86f3-b3364919e8c6",
   "metadata": {},
   "outputs": [],
   "source": [
    "class CausalAttention(nn.Module):\n",
    "\n",
    "    def __init__(self, d_in, d_out, context_length,\n",
    "                 dropout, qkv_bias=False):\n",
    "        super().__init__()\n",
    "        self.d_out = d_out\n",
    "        self.W_query = nn.Linear(d_in, d_out, bias=qkv_bias)\n",
    "        self.W_key   = nn.Linear(d_in, d_out, bias=qkv_bias)\n",
    "        self.W_value = nn.Linear(d_in, d_out, bias=qkv_bias)\n",
    "        self.dropout = nn.Dropout(dropout) \n",
    "        self.register_buffer('mask', torch.triu(torch.ones(context_length, context_length), diagonal=1)) # New\n",
    "\n",
    "    def forward(self, x):\n",
    "        b, num_tokens, d_in = x.shape \n",
    "        keys = self.W_key(x)\n",
    "        queries = self.W_query(x)\n",
    "        values = self.W_value(x)\n",
    "\n",
    "        attn_scores = queries @ keys.transpose(1, 2) \n",
    "        attn_scores.masked_fill_(  \n",
    "            self.mask.bool()[:num_tokens, :num_tokens], -torch.inf)  \n",
    "        attn_weights = torch.softmax(\n",
    "            attn_scores / keys.shape[-1]**0.5, dim=-1\n",
    "        )\n",
    "        attn_weights = self.dropout(attn_weights) # New\n",
    "\n",
    "        context_vec = attn_weights @ values\n",
    "        return context_vec"
   ]
  },
  {
   "cell_type": "code",
   "execution_count": 25,
   "id": "e485e287-5834-44a6-942b-34f3c5ed71c1",
   "metadata": {},
   "outputs": [
    {
     "name": "stdout",
     "output_type": "stream",
     "text": [
      "context_vecs.shape: torch.Size([2, 6, 2])\n"
     ]
    }
   ],
   "source": [
    "torch.manual_seed(123)\n",
    "context_length = batch.shape[1]\n",
    "ca = CausalAttention(d_in, d_out, context_length, 0.0)\n",
    "context_vecs = ca(batch)\n",
    "print(\"context_vecs.shape:\", context_vecs.shape)"
   ]
  },
  {
   "cell_type": "code",
   "execution_count": null,
   "id": "a089a5d0-4c98-4330-a40f-ea03f788acdb",
   "metadata": {},
   "outputs": [],
   "source": []
  }
 ],
 "metadata": {
  "kernelspec": {
   "display_name": "Python 3 (ipykernel)",
   "language": "python",
   "name": "python3"
  },
  "language_info": {
   "codemirror_mode": {
    "name": "ipython",
    "version": 3
   },
   "file_extension": ".py",
   "mimetype": "text/x-python",
   "name": "python",
   "nbconvert_exporter": "python",
   "pygments_lexer": "ipython3",
   "version": "3.11.4"
  }
 },
 "nbformat": 4,
 "nbformat_minor": 5
}
